          0
      15120
      38069
     106835
     254242
     502836
     864634
    1372871
    1965811
    2585605
    3157186
    3612771
    3940325
    4153575
    4322131
    4530942
    4833338
    5239608
    5730313
    6261167
    6751561
    7148994
    7459032
    7601362
    7597941
    7523582
    7402062
    7352046
    7392672
    7559677
    7822150
    8131943
    8458318
    8735994
    8946106
    9050281
    9015320
    8833739
    8477040
    8008461
    7541286
    7115599
    6822152
    6598294
    6395935
    6061931
    5579844
    4968645
    4304932
    3653272
    3104433
    2629269
    2207088
    1759747
    1258728
     723152
     159720
    -390742
    -888253
   -1321593
   -1722923
   -2079490
   -2433410
   -2813374
   -3274590
   -3787189
   -4395796
   -5065209
   -5748194
   -6405845
   -6974523
   -7439660
   -7792581
   -8011207
   -8125967
   -8117364
   -8050609
   -7965756
   -7922381
   -7961169
   -8096543
   -8345956
   -8627193
   -8885467
   -9084697
   -9121395
   -9014574
   -8769279
   -8387818
   -7903206
   -7315492
   -6738184
   -6189047
   -5731650
   -5363001
   -5069099
   -4794361
   -4479622
   -4091435
   -3622576
