     1
     4
     6
     1
    -4
     0
     8
    10
     4
    -2
     2
     9
     8
     1
     1
    10
    18
    13
     1
     2
    17
    24
    10
    -6
    -2
    15
    25
    19
     1
    -4
     8
    19
    14
     0
    -3
     7
    11
     9
     7
     7
     6
     8
     7
     3
    -1
    -3
    -2
     3
     9
     7
    -6
   -12
    -4
     8
     7
    -4
   -12
    -8
    -1
     0
    -5
   -10
   -14
   -11
    -6
    -8
   -12
   -12
    -9
    -8
    -9
   -10
   -10
   -10
   -10
    -8
   -10
   -14
   -16
   -12
    -5
    -3
    -8
   -12
   -10
    -6
    -8
   -14
   -11
    -5
    -4
    -2
    -1
    -5
    -9
    -5
     2
     2
    -2
    -3
